김민준 95 92 88
이서연 88 76 92
박지훈 45 52 78
최수아 32 28 45
정우진 91 94 89
강하은 72 68 85
조현우 58 62 75
윤지민 25 35 40
한도윤 97 95 98
신예은 65 75 80
임준서 42 38 65
송민서 18 22 30
노승민 85 79 90
류하린 67 73 78
홍준영 39 41 55
백서영 90 88 95
구민재 78 82 85
남소율 49 51 70
오태양 30 34 45
황지우 93 91 96
전하늘 71 69 82
문준호 55 65 75
안소윤 37 33 50
양준혁 96 94 97
고은서 64 76 70
권현준 43 37 60
유민지 29 31 40
서태민 87 83 92
배지은 69 71 80
이준우 36 44 55
김서현 92 90 94
박민준 77 73 85
최지우 48 52 65
정하은 27 33 40
강준호 89 91 93
조민서 63 67 75
윤준영 41 39 60
한지민 21 29 35
장도현 84 80 88
신서연 68 72 78
임우진 38 42 55
송하린 94 96 95
노지훈 74 70 82
류수아 47 53 68
홍서영 31 35 45
백준호 91 89 94
구예은 76 74 85
남준서 50 48 65
오민서 33 27 42
황도윤 95 93 97
전수아 73 71 80
문지훈 56 64 72
안하은 35 39 50
양현우 98 96 99
고지민 66 74 75
권도윤 45 39 62
유서연 28 32 40
서우진 86 84 90
배하린 70 68 78
이현우 34 46 55
김지민 93 91 95
박도윤 79 75 85
최서연 46 54 65
정현우 29 31 42
강지민 88 92 90
조도윤 62 68 75
윤서연 43 37 60
한현우 23 27 35
장민석 83 81 88
신영준 67 73 78
임지원 36 44 55
송현우 96 94 98
노은지 75 69 82
류태준 49 51 68
홍서연 32 34 45
백현우 92 88 95
구태윤 77 83 85
남기태 51 49 65
오서연 31 33 42
황현우 94 92 96
전영미 72 70 80
문성호 57 63 72
안서연 35 35 50
양태준 97 95 98
고민수 65 75 75
권영수 44 36 60
유태희 27 33 40
서민준 85 85 90
배민영 71 67 78
이태영 35 45 55
김민수 91 93 94
박영희 78 72 85
최태준 47 53 65
정민영 28 32 42
강태희 87 93 90
조민수 61 69 75
윤영준 42 38 60
한태희 22 28 35
장수민 82 82 88
신태준 69 71 78
임민영 37 43 55
송태준 95 97 96
노민수 76 68 82
류영준 48 52 68
홍태희 33 35 45
백민수 93 87 95
구영준 79 81 85
남태희 52 48 65
오민수 32 32 42
황영준 96 92 97
전태희 73 69 80
문민수 58 62 72
안영준 34 36 50
양태희 98 94 98
고민수 66 74 75
권영준 45 35 60
유태희 26 34 40
서민수 84 86 90
배영준 72 66 78
이태희 36 44 55
김민수 90 94 93
박영준 80 70 85
최태희 46 54 65
정민수 29 31 42
강영준 86 94 90
조태희 60 70 75
윤민수 41 39 60
한영준 21 29 35
장태희 81 83 88
신민수 70 70 78
임영준 38 42 55
송태희 97 93 96
노민수 77 67 82
류영준 47 53 68
홍태희 34 36 45
백민수 94 86 95
구영준 80 80 85
남태희 53 47 65
오민수 33 31 42
황영준 98 90 97
전태희 74 68 80
문민수 59 61 72
안영준 33 37 50
양태희 96 98 98
고민수 67 73 75
권영준 46 34 60
유태희 25 35 40
서민수 83 87 90
배영준 73 65 78
이태희 37 43 55
김민수 89 95 93
박영준 81 69 85
최태희 45 55 65
정민수 30 30 42
강영준 85 95 90
조태희 59 71 75
윤민수 40 40 60
한영준 20 30 35
장태희 80 84 88
신민수 71 69 78
임영준 39 41 55
송태희 98 92 96
노민수 78 66 82
류영준 46 54 68
홍태희 35 37 45
백민수 95 85 95
구영준 81 79 85
남태희 54 46 65
오민수 34 30 42
황영준 99 89 97
전태희 75 67 80
문민수 60 60 72
안영준 33 37 50
양태희 96 98 98
고민수 68 72 75
권영준 47 33 60
유태희 24 36 40
서민수 82 88 90
배영준 74 64 78
이태희 38 42 55
김민수 88 96 93
박영준 82 68 85
최태희 44 56 65
정민수 31 29 42
강영준 84 96 90
조태희 58 72 75
윤민수 39 41 60
한영준 19 31 35
장태희 79 85 88
신민수 72 68 78
임영준 40 40 55
최현우 87 91 88
박하은 65 63 70
김태민 43 45 55
이수진 92 88 95
정민호 76 72 85
송지아 38 42 48
강동현 88 84 90
윤서아 51 55 65
조성민 95 93 96